"r","g","b"
252,252,252
130,135,128
42,40,43
234,230,218
192,187,180
90,88,90
52,51,57
255,254,255
67,67,67
238,237,232
238,237,232
252,252,252
253,254,253
142,146,140
106,105,101
244,244,242
85,83,86
242,241,232
108,107,102
235,231,224
209,204,198
108,107,103
160,159,158
238,236,227
228,225,220
83,83,81
95,93,96
134,140,129
63,62,63
254,254,254
239,236,224
52,51,56
255,254,254
254,254,254
136,137,136
236,231,223
96,94,98
114,113,109
93,85,78
180,180,177
155,136,121
69,68,73
248,245,237
253,253,253
143,146,137
70,68,71
240,237,231
254,254,250
92,89,88
249,249,245
106,105,102
139,148,149
195,191,185
252,253,250
241,240,235
243,239,228
206,203,193
230,230,230
103,97,84
242,241,237
59,57,58
112,103,92
94,92,93
117,116,112
94,92,94
243,240,235
118,112,94
110,106,101
243,242,237
254,254,253
243,242,237
81,81,74
242,241,236
244,243,238
198,195,175
127,106,111
237,235,226
235,234,229
114,102,90
54,52,53
76,76,75
169,170,169
132,130,116
237,234,223
117,114,98
201,200,195
82,81,84
201,198,193
255,255,254
103,102,97
225,221,207
106,105,101
230,227,216
227,224,215
239,238,231
118,105,93
237,234,225
242,240,229
214,211,205
237,234,220
255,255,254
209,208,188
254,254,254
254,254,253
244,243,239
45,42,41
197,192,172
251,251,251
227,224,217
107,104,100
101,96,92
231,227,218
240,237,232
111,111,108
106,100,90
212,208,205
100,99,92
245,243,242
217,214,208
114,113,109
81,80,78
120,104,91
129,128,126
232,229,218
63,62,65
243,242,238
126,125,120
230,225,209
159,156,149
223,222,213
251,250,249
164,164,151
149,149,144
101,100,98
214,210,206
223,219,208
240,237,230
126,132,123
254,253,253
224,222,215
101,98,91
236,232,221
226,224,211
87,87,89
206,204,185
243,240,234
254,255,255
255,255,254
116,115,110
190,194,192
225,222,206
135,135,132
237,241,232
118,118,109
204,200,187
96,95,93
117,116,111
229,229,229
237,230,216
243,242,238
244,243,239
243,242,235
116,117,115
233,230,223
223,220,214
244,242,234
245,245,243
113,110,103
103,101,102
230,227,220
239,239,234
242,239,231
255,255,254
85,84,82
241,238,233
192,187,176
254,254,254
110,108,108
124,111,95
50,48,51
195,192,176
118,118,118
37,31,42
27,27,36
143,148,141
189,186,181
242,242,237
56,55,54
219,216,209
215,214,213
92,88,80
255,254,254
104,101,96
243,242,237
69,67,69
255,255,253
221,219,212
125,126,125
105,103,84
254,254,253
237,235,228
206,203,195
204,200,190
254,254,254
146,152,144
124,110,97
166,166,164
221,218,209
198,196,184
87,85,90
223,224,225
190,190,191
238,234,225
245,244,240
242,242,236
239,236,229
176,176,158
52,50,53
195,195,187
255,255,253
98,96,97
56,54,57
109,109,105
146,146,139
48,46,50
244,240,236
115,114,110
96,92,90
79,79,79
231,228,221
130,113,98
151,151,151
107,106,101
226,223,214
219,215,204
233,231,219
82,80,83
108,103,84
241,240,234
81,78,80
235,216,180
32,30,33
236,233,225
109,107,101
34,33,39
183,180,173
253,253,250
74,73,70
254,254,251
222,218,204
234,233,229
240,236,224
240,240,234
110,107,102
255,255,254
138,130,122
235,231,220
242,242,242
240,240,233
239,236,227
232,229,223
170,170,170
180,176,170
40,38,38
222,225,226
237,234,235
253,253,253
92,90,91
252,254,252
83,78,71
255,254,255
207,201,197
205,202,197
33,32,38
253,253,253
241,240,235
238,235,226
147,147,150
71,67,66
253,253,253
234,232,222
108,107,102
71,69,65
255,255,253
254,254,254
138,139,131
228,225,217
108,105,107
86,84,87
223,220,211
145,145,137
29,29,38
76,80,85
50,49,54
251,252,254
48,43,34
137,133,130
253,253,253
223,223,223
235,231,221
241,240,235
234,230,222
160,163,155
37,33,34
224,220,208
234,230,222
210,208,201
203,202,187
150,152,153
101,101,103
239,237,225
254,255,255
254,254,254
69,65,62
124,124,118
225,223,212
240,240,236
196,193,176
254,254,254
56,54,57
239,236,221
68,64,63
162,160,138
254,255,254
242,242,234
242,238,227
109,105,100
252,252,246
243,240,235
252,254,254
147,147,150
61,60,65
232,228,221
255,255,253
114,121,127
187,185,180
94,90,87
233,227,218
237,231,216
248,246,234
54,52,58
173,164,134
197,195,183
93,94,90
111,102,91
229,228,217
207,204,197
89,88,90
83,81,81
84,83,80
50,48,53
228,220,209
108,105,101
213,209,198
146,140,121
233,233,225
57,57,58
99,98,95
50,48,55
119,105,92
224,221,213
63,63,64
185,187,178
105,105,109
95,93,95
254,255,255
37,36,34
243,242,238
242,241,237
253,251,252
133,132,128
179,163,121
242,241,236
232,229,218
61,59,61
178,165,151
51,47,48
238,237,242
109,107,109
209,208,203
76,73,71
95,95,95
254,253,253
225,224,215
251,251,251
245,244,242
244,243,239
228,226,214
255,255,253
113,112,105
253,254,254
191,183,184
129,116,100
137,136,131
225,224,220
243,243,243
96,93,87
229,225,215
52,51,50
191,188,179
253,251,254
114,114,107
118,104,91
142,145,138
107,101,104
146,143,125
52,51,57
111,110,104
200,196,187
192,190,167
143,141,120
255,255,254
186,174,171
126,113,97
244,243,239
188,182,160
196,193,176
137,134,122
87,85,88
77,77,77
254,254,254
233,230,222
190,187,180
112,113,115
245,244,241
219,216,210
238,237,231
254,254,254
105,104,110
245,244,241
231,228,221
195,198,197
236,232,222
91,89,90
74,72,74
240,236,228
244,243,238
101,96,92
251,252,253
241,238,232
69,68,63
111,111,113
106,105,111
113,110,100
156,157,143
99,98,96
52,50,50
223,220,211
57,55,60
126,125,121
90,90,90
239,238,235
233,229,218
223,223,225
68,67,65
47,46,52
115,106,97
204,201,191
255,255,254
104,104,96
243,241,236
153,151,130
131,129,114
237,237,235
243,243,238
108,108,98
241,241,233
233,229,219
72,72,77
255,255,254
168,174,168
232,229,223
227,224,219
255,250,255
252,252,253
254,255,255
244,244,244
110,109,107
245,244,240
97,96,94
208,213,210
253,254,254
68,66,71
248,248,248
244,243,241
207,211,211
224,221,216
241,238,229
104,101,96
240,239,230
139,139,129
235,234,229
92,92,94
219,215,203
216,213,208
67,65,69
220,215,208
222,220,211
237,236,231
236,233,226
242,239,233
213,191,154
253,254,253
64,63,61
153,152,154
228,224,213
219,215,203
236,232,219
120,125,120
118,108,95
109,107,108
230,228,216
55,53,64
55,53,54
113,112,108
198,195,178
112,101,92
64,63,62
82,81,80
112,106,98
178,176,155
188,187,185
242,241,236
195,191,188
72,70,73
254,255,254
218,214,202
110,109,106
233,230,222
81,81,81
104,103,98
243,242,238
237,234,227
255,254,255
253,253,253
202,199,186
255,255,254
138,136,123
204,206,205
255,255,254
86,85,83
254,254,253
254,254,254
64,62,67
109,109,109
144,146,129
113,112,108
53,53,57
108,101,90
47,47,48
66,64,67
46,45,51
253,253,253
254,254,251
187,184,179
54,52,55
242,241,236
179,178,171
254,254,254
247,248,248
58,56,61
230,227,218
126,112,99
254,255,255
234,233,217
100,99,97
213,206,195
117,116,111
116,118,117
228,229,228
241,240,234
91,90,86
122,116,108
88,86,89
126,112,100
223,224,225
74,74,74
83,81,86
59,59,59
41,41,42
239,236,227
128,125,125
254,254,254
254,253,254
55,55,49
56,54,57
207,207,196
254,254,252
214,210,207
143,141,120
80,69,59
254,254,254
241,240,236
54,49,53
74,72,64
112,111,102
54,51,59
76,74,74
235,232,222
254,254,255
61,59,65
92,91,87
187,184,175
39,46,54
253,253,251
131,116,103
239,236,229
253,253,253
223,220,212
211,208,209
95,95,99
239,236,229
224,224,218
255,254,255
53,51,54
123,125,119
206,203,188
109,109,105
235,231,222
91,90,90
196,193,174
120,119,117
84,82,84
240,236,227
225,222,216
253,253,253
239,236,229
94,93,89
196,193,176
136,119,104
254,254,254
114,103,91
228,227,223
98,97,94
47,47,47
230,226,226
243,242,237
212,192,165
205,201,192
139,142,135
243,242,236
230,227,218
191,192,190
66,64,65
64,64,64
177,174,167
182,185,184
74,72,75
46,44,47
243,241,228
200,176,159
139,138,140
245,244,242
243,240,236
31,32,39
130,130,120
238,233,215
226,223,211
199,201,201
238,235,225
50,47,42
239,235,225
227,223,216
203,202,194
211,207,204
241,240,235
242,241,233
86,86,85
97,95,97
221,223,224
239,236,232
241,238,230
214,210,200
242,242,234
58,56,59
253,254,254
90,89,88
47,43,48
216,215,213
224,220,209
235,233,221
217,214,207
188,187,184
214,211,204
155,155,140
224,223,220
161,167,157
233,229,218
233,230,222
253,253,252
112,98,85
207,204,199
240,237,225
163,160,140
126,114,98
65,64,68
220,218,212
103,102,97
81,81,81
252,252,253
90,88,89
134,116,99
247,248,244
239,236,229
91,89,92
243,241,236
224,231,238
120,108,96
255,255,254
252,252,252
228,225,215
194,191,172
108,107,103
243,242,237
213,210,204
107,106,102
138,140,135
254,254,254
87,86,82
236,235,231
109,101,89
97,96,92
145,144,130
54,52,57
227,225,219
114,113,109
253,253,254
254,255,252
165,162,152
121,113,100
243,242,236
230,227,223
152,151,154
30,40,41
231,232,229
194,189,187
255,255,254
139,140,143
187,187,178
76,80,85
187,183,178
244,242,235
232,230,218
85,83,86
109,106,101
101,101,94
253,253,253
47,45,48
243,242,237
255,255,253
108,107,103
254,254,254
109,108,106
131,117,101
127,126,125
181,181,183
155,154,135
113,109,100
109,107,110
224,220,208
230,225,219
199,197,193
85,81,72
251,252,251
81,77,82
46,44,48
237,237,226
187,186,181
191,191,180
148,149,153
229,228,228
199,206,214
255,255,253
238,235,229
186,181,158
233,230,221
115,105,92
215,212,203
254,253,252
100,99,97
96,94,98
154,155,152
238,236,229
252,253,253
99,98,93
134,133,129
189,189,181
254,254,254
215,212,205
221,225,227
255,255,254
215,211,206
228,226,223
150,149,151
252,252,253
118,105,92
215,211,184
237,234,224
172,172,172
204,200,190
111,100,90
240,239,239
69,67,69
238,235,223
239,234,223
34,28,34
224,222,207
92,92,93
185,181,156
254,254,253
106,104,105
42,40,45
143,141,126
64,64,64
254,254,254
164,162,150
243,242,239
192,175,146
187,185,174
127,127,115
110,109,106
240,238,234
239,238,235
253,253,253
253,253,253
218,214,189
253,253,253
242,241,236
113,110,106
244,243,239
131,129,124
231,227,217
222,223,224
110,107,97
57,53,51
243,240,233
253,253,252
53,54,54
219,218,216
121,121,123
64,63,61
89,87,90
116,115,110
253,253,253
252,252,251
254,253,254
91,90,85
79,77,75
225,219,213
104,100,95
239,236,231
54,52,55
217,214,199
217,213,205
159,160,165
237,233,215
242,239,232
253,253,251
112,112,108
103,99,97
221,219,212
244,243,239
182,188,198
118,119,107
62,62,62
168,172,173
178,174,162
199,205,200
221,217,211
105,105,102
238,235,230
80,75,69
136,141,132
216,212,200
135,111,100
238,234,225
254,254,254
19,19,23
241,241,233
254,254,254
252,254,253
252,251,253
218,218,219
237,234,224
226,229,228
187,184,177
41,38,40
254,255,255
231,228,222
171,171,171
100,98,94
254,253,254
253,254,251
246,245,242
233,227,234
240,237,228
145,145,130
55,54,59
75,71,72
236,234,237
242,242,235
224,224,216
107,106,102
70,68,70
219,216,207
242,241,236
156,155,148
242,239,233
113,113,109
240,237,228
208,204,201
231,231,219
202,198,193
187,184,179
97,96,94
236,233,226
196,194,173
237,236,230
242,241,237
254,254,254
245,245,243
239,239,233
98,96,93
242,241,236
254,254,254
59,57,60
120,120,122
230,227,219
63,61,65
191,189,184
103,103,98
238,235,228
111,97,99
215,211,200
197,193,182
245,243,242
51,51,47
229,225,214
223,219,207
254,255,254
254,254,254
187,189,182
62,61,60
253,253,253
237,237,236
242,240,235
252,252,252
254,253,252
100,99,99
193,188,179
105,97,82
83,79,69
133,133,134
110,108,109
244,242,238
83,81,83
43,41,49
106,105,100
124,110,97
76,76,78
253,253,253
92,91,89
243,240,235
148,151,144
242,240,235
254,254,254
231,227,219
240,240,232
230,226,220
245,244,241
255,255,254
240,238,226
234,231,224
47,45,48
218,215,206
253,254,254
92,92,93
230,227,221
101,98,99
244,242,234
253,253,253
233,230,221
114,113,109
142,145,138
244,243,238
108,106,100
252,253,252
225,222,215
234,230,216
164,163,167
240,236,226
241,238,233
237,234,227
105,110,106
237,236,228
100,98,100
244,244,240
242,239,234
243,239,235
231,230,221
