"r","g","b"
231,226,221
233,232,232
205,200,194
255,255,254
50,50,49
118,117,116
214,207,201
155,136,104
253,252,253
205,201,197
255,255,254
138,125,108
119,118,111
194,190,176
42,42,51
253,253,253
214,209,202
213,207,201
217,207,180
111,111,118
218,213,205
50,49,49
210,207,208
251,252,248
254,254,255
215,211,207
200,189,166
42,36,47
174,168,140
253,252,250
189,186,186
153,141,119
4,2,3
139,133,133
210,203,190
203,196,190
238,236,234
204,200,191
124,122,123
144,138,132
154,153,153
124,110,98
66,64,70
189,188,189
254,254,253
190,186,183
193,193,193
252,251,252
233,230,230
147,130,114
191,183,171
254,254,254
172,165,159
105,97,91
10,3,2
31,29,34
151,143,138
213,208,205
169,166,164
57,48,44
241,237,228
167,162,151
161,135,93
238,235,226
254,254,255
63,62,67
255,255,254
206,204,202
227,220,210
167,162,161
178,172,170
10,10,10
174,170,170
132,132,132
91,74,52
202,196,189
226,219,209
144,143,146
204,199,201
211,205,200
170,154,149
253,253,251
151,138,102
254,254,254
75,81,91
154,131,123
19,18,22
201,193,186
219,217,212
210,202,199
173,172,175
250,253,253
218,213,207
136,129,108
8,7,9
98,87,89
95,89,81
228,230,226
211,204,188
201,201,199
119,120,125
197,189,186
154,153,158
5,5,6
152,137,128
10,9,10
181,176,178
225,218,210
253,252,251
151,134,102
201,190,171
44,48,34
165,160,157
160,131,106
81,70,73
208,201,194
159,149,133
219,212,206
160,147,104
102,89,75
131,126,118
32,32,34
135,135,134
15,14,13
139,126,95
240,236,227
105,103,115
214,213,215
200,196,193
178,171,162
166,160,160
215,208,198
42,41,47
209,198,172
234,231,226
217,214,207
150,139,96
183,181,185
253,252,250
50,48,49
254,253,253
138,129,121
126,126,133
146,134,118
151,138,122
15,10,15
252,252,251
121,111,117
158,149,141
201,197,197
253,253,253
191,180,133
214,206,198
66,63,59
121,117,100
204,196,188
89,83,78
198,197,198
254,254,253
216,209,197
157,155,156
200,195,193
184,175,170
210,207,208
214,209,194
194,192,193
172,163,151
3,3,4
164,141,101
235,233,224
118,115,120
105,105,105
254,255,255
254,255,255
155,155,154
149,146,149
207,204,195
203,200,199
151,130,104
71,63,69
224,221,212
181,181,185
239,235,226
82,75,68
103,103,108
180,181,175
230,225,219
161,163,146
253,253,253
106,103,104
54,54,52
189,187,173
211,202,200
243,241,236
172,150,112
150,143,114
155,155,157
199,196,193
120,114,113
183,155,123
92,85,84
175,168,163
223,219,215
32,28,41
84,75,63
44,42,42
207,200,194
150,143,123
87,87,80
254,252,254
175,176,181
218,208,194
200,193,187
157,152,150
153,146,120
213,186,139
221,216,198
205,197,193
14,14,14
12,11,12
251,250,250
5,4,4
58,55,49
218,211,201
220,216,213
252,252,252
207,202,196
177,155,125
138,138,137
11,10,9
39,34,47
193,190,176
133,125,115
254,254,254
152,151,155
152,149,145
150,144,134
119,120,125
214,212,209
230,230,227
209,207,207
175,170,167
185,182,180
255,255,254
134,121,113
185,176,171
101,100,99
190,182,177
75,70,68
173,172,171
178,179,176
132,114,87
189,185,185
4,3,7
17,17,20
61,60,56
203,201,182
140,138,141
194,186,187
253,253,253
131,105,76
60,65,68
255,255,254
39,34,28
220,220,218
232,228,219
177,170,164
72,70,76
1,2,4
212,204,184
170,164,144
232,229,224
5,1,0
228,221,211
52,48,46
58,47,31
24,22,35
200,190,178
78,71,68
11,10,12
68,67,70
189,184,181
233,228,222
30,30,32
226,226,226
103,100,99
154,146,145
151,134,102
216,209,199
145,132,112
169,144,105
181,157,124
232,228,219
237,231,221
128,128,126
242,234,226
5,5,9
124,120,105
253,253,253
255,255,254
175,157,121
253,253,253
204,199,192
252,253,242
255,255,254
208,206,190
185,178,160
83,74,88
188,183,177
180,176,166
254,254,255
165,161,146
151,147,145
210,202,202
205,198,192
232,226,218
203,196,191
193,189,153
168,165,157
164,162,165
184,180,179
24,20,24
66,63,54
93,86,93
133,127,134
208,204,196
128,114,106
200,195,190
60,58,53
195,187,163
28,25,37
137,135,133
35,36,38
148,144,140
254,254,254
109,106,104
201,196,192
167,166,162
175,170,164
232,228,219
235,231,222
223,220,213
140,126,109
211,207,207
236,232,223
214,210,208
162,121,61
98,87,89
251,251,250
254,254,253
14,12,14
164,162,163
201,192,157
224,219,216
251,251,249
179,172,167
167,163,161
168,155,124
252,252,251
251,250,248
224,224,216
136,131,126
213,213,210
121,120,123
255,254,254
216,211,207
225,224,216
233,229,220
204,199,195
14,13,14
209,202,196
122,108,102
210,203,196
150,137,128
46,48,57
146,129,91
190,183,180
35,33,33
247,247,247
226,219,211
231,226,220
167,163,161
103,92,80
96,93,96
127,120,101
229,225,203
127,122,126
179,174,170
126,125,127
220,213,207
222,215,206
19,25,30
230,229,220
247,253,254
239,235,226
212,209,207
180,173,149
11,9,11
193,178,148
138,127,121
57,55,54
233,230,225
200,195,174
119,118,115
253,253,253
160,131,96
96,95,97
170,166,167
133,134,135
152,149,123
254,254,253
254,253,254
39,37,43
253,253,252
66,60,56
175,170,148
71,65,69
150,139,117
133,125,118
206,199,193
125,115,106
133,131,131
251,251,251
163,158,154
232,228,215
14,10,20
208,204,197
229,225,216
254,254,254
132,131,132
254,254,250
103,97,87
177,154,121
251,251,251
210,205,199
21,25,25
161,161,155
226,225,223
207,200,193
221,213,207
143,125,113
225,221,213
56,54,56
138,137,135
219,214,208
250,249,252
87,79,74
178,176,180
137,136,134
215,214,212
221,222,222
205,201,192
194,190,187
166,162,159
62,60,51
240,235,227
107,100,94
130,128,125
19,18,16
207,200,193
255,254,255
219,211,206
234,227,219
109,103,98
207,199,188
202,195,185
130,118,105
14,10,20
232,228,218
150,148,149
224,215,210
4,4,1
119,120,128
209,208,205
6,4,4
237,234,225
191,187,184
7,5,7
150,149,152
225,221,209
161,157,152
167,162,160
110,109,108
253,253,251
254,254,254
183,176,173
224,218,209
94,92,101
129,117,109
151,140,111
200,197,181
148,146,149
229,225,216
10,6,11
194,189,179
150,149,153
233,229,218
153,151,153
176,168,154
157,155,156
226,222,213
113,112,115
170,166,165
146,147,142
154,148,144
254,254,254
167,161,161
164,157,142
228,225,216
222,215,209
133,127,75
147,138,117
210,203,195
254,254,254
152,149,147
254,255,255
217,212,189
188,179,172
222,218,215
220,213,207
62,66,66
191,180,123
150,149,144
188,183,152
255,255,254
210,203,198
232,227,221
254,254,252
179,171,160
245,245,243
148,134,120
160,137,97
187,182,168
151,145,125
192,185,180
71,64,65
156,156,153
2,3,1
212,205,197
106,109,114
116,114,106
158,157,162
144,142,142
191,174,154
163,160,156
253,255,255
72,68,62
129,128,127
209,203,191
40,38,42
182,178,178
131,117,109
204,198,198
226,219,213
35,29,36
151,150,152
207,203,194
154,147,121
167,160,157
122,114,111
201,192,172
108,105,92
254,254,254
233,229,220
140,124,100
225,222,208
121,104,100
226,219,211
183,173,171
206,201,206
194,188,171
254,255,255
66,56,57
4,0,6
237,232,226
210,205,199
196,194,188
66,60,65
254,255,255
94,92,101
132,108,60
120,110,104
237,233,224
143,131,104
175,168,167
253,254,252
252,251,249
242,238,227
247,254,254
91,87,77
100,98,109
204,198,193
169,144,105
98,101,89
134,117,96
253,254,254
203,196,192
64,63,56
216,209,201
154,148,144
234,230,221
164,150,102
255,254,255
231,226,224
188,184,184
198,158,116
189,184,179
197,192,177
233,229,220
206,201,197
205,197,194
242,236,227
142,136,128
142,143,143
105,105,104
145,138,120
209,202,196
213,208,205
225,222,213
254,254,253
96,96,96
205,194,160
109,106,105
179,177,164
145,136,128
70,60,57
255,254,254
161,151,137
188,185,183
137,139,143
253,253,253
19,18,20
127,119,119
30,27,36
152,137,119
178,175,169
106,95,102
222,215,205
74,68,56
216,178,119
79,65,62
141,130,134
5,4,4
134,134,131
198,192,168
185,179,173
225,225,224
220,215,209
196,191,186
250,247,243
195,189,190
225,217,209
16,13,10
213,207,201
125,105,75
167,164,157
26,26,31
57,55,58
44,38,29
172,166,162
83,82,86
214,209,203
99,101,108
253,253,253
252,252,252
239,235,226
254,254,254
229,228,225
206,201,192
219,212,207
218,215,212
179,172,166
146,135,105
29,26,36
157,157,153
155,152,155
34,34,39
205,200,196
252,252,250
137,125,111
224,221,213
148,145,151
86,75,71
97,89,74
254,254,254
73,64,53
143,141,134
174,166,164
254,255,254
123,116,101
7,7,8
254,254,254
27,23,31
12,9,13
219,218,217
160,151,141
151,130,104
165,129,82
215,211,202
96,94,89
166,163,162
210,203,195
155,142,117
254,254,255
108,95,63
165,160,159
225,220,207
45,45,50
209,195,157
178,173,169
172,171,169
232,225,216
253,250,251
240,236,231
156,144,123
142,124,95
160,155,144
230,226,224
162,161,162
251,252,252
28,27,24
244,243,232
253,253,253
70,68,78
255,255,254
232,230,225
175,157,121
183,184,181
198,193,189
89,87,84
230,223,212
206,198,180
255,255,253
248,253,247
254,254,254
212,205,199
229,225,215
151,150,146
233,226,218
152,151,155
167,162,158
215,214,212
234,227,214
3,3,0
211,206,203
253,251,249
181,176,172
249,254,252
203,198,191
50,50,56
205,205,201
247,254,247
255,255,254
92,92,94
135,132,125
228,222,210
149,147,142
167,163,159
254,254,254
254,254,254
123,122,127
141,139,140
251,251,251
32,34,45
37,34,42
253,250,254
100,91,83
176,166,149
6,8,12
232,229,225
61,60,60
149,136,112
152,149,146
218,211,201
109,99,85
214,213,210
227,227,214
242,242,241
250,246,228
178,169,167
137,129,116
198,191,182
255,254,255
255,255,254
164,163,157
231,218,155
17,22,18
9,6,8
219,220,221
117,109,105
136,134,136
236,235,233
175,174,172
254,254,252
77,77,71
212,207,193
199,190,183
33,27,34
230,223,215
172,164,146
236,232,223
76,76,77
235,231,222
48,50,57
12,11,13
165,162,163
94,92,90
156,146,118
68,69,79
162,160,156
165,159,159
172,163,163
108,109,100
225,220,212
65,66,65
29,27,24
254,253,253
252,252,253
254,254,254
190,189,189
224,223,221
242,238,229
185,160,135
220,213,205
254,255,255
155,153,159
154,150,148
182,184,183
134,135,146
171,163,155
147,133,124
255,255,254
201,196,190
41,40,45
253,254,254
250,249,246
158,152,149
92,89,80
95,91,100
253,253,253
36,35,42
166,162,162
226,225,219
209,205,195
229,225,216
170,166,163
244,242,240
212,205,199
232,228,221
141,137,137
253,253,251
213,209,207
210,202,199
211,203,195
152,145,118
34,33,34
142,137,128
167,163,162
125,98,65
189,183,178
253,253,252
42,39,48
228,224,215
207,200,193
161,154,147
227,222,218
220,215,209
209,206,199
161,154,147
144,144,149
109,107,106
222,215,205
174,173,177
254,254,253
177,174,172
5,4,4
145,119,92
189,187,174
193,196,132
235,236,226
215,211,202
145,144,144
254,255,254
185,180,177
185,180,173
239,235,226
128,124,125
188,179,143
145,125,123
215,216,210
240,237,230
254,254,253
149,145,132
198,196,178
193,189,184
183,170,148
207,199,196
179,172,168
128,131,144
159,148,106
253,253,251
186,177,174
170,168,171
73,67,64
151,139,128
252,251,248
139,140,140
132,129,129
173,148,107
196,190,190
150,140,122
253,253,252
0,0,0
33,33,39
255,255,254
38,38,46
1,0,1
187,176,150
138,133,120
189,176,135
33,29,25
8,6,8
233,229,220
38,36,44
45,33,29
171,155,111
83,83,82
168,169,164
186,179,173
203,200,199
74,73,73
251,250,250
2,0,2
232,230,225
232,226,220
166,164,156
254,255,255
254,254,253
86,77,76
170,166,165
160,157,150
187,170,143
46,35,41
85,82,74
136,125,99
30,24,34
211,203,186
27,25,26
197,192,185
0,0,1
240,234,227
29,28,32
215,210,198
172,171,168
228,222,210
137,126,113
182,179,172
93,89,94
183,176,163
99,96,95
178,178,178
222,220,202
161,145,127
43,43,43
96,92,88
192,178,143
255,254,253
237,233,224
131,129,132
211,206,190
183,181,183
238,235,226
188,134,97
203,203,203
206,200,180
210,209,208
101,99,91
234,228,209
12,8,8
246,252,254
105,101,99
253,253,253
149,128,106
200,202,203
191,184,176
201,192,183
14,12,23
143,132,135
178,168,140
164,158,135
166,160,143
248,250,250
196,196,195
202,196,192
12,10,13
132,133,126
37,32,29
185,179,150
68,68,70
219,214,208
